13,
31,
51,
43,
41,
28,
98,
40,
10,
2,
29,
11,
87,
90,
78,
73,
1,
22,
48,
15,
63,
49,
71,
16,
74,
61,
91,
79,
12,
100,
92,
6,
21,
72,
45,
30,
62,
97,
23,
60,
8,
9,
86,
53,
75,
70,
25,
50,
20,
96,
27,
83,
88,
76,
82,
42,
89,
69,
94,
38,
33,
35,
17,
14,
26,
67,
99,
32,
95,
44,
64,
36,
66,
57,
37,
93,
19,
81,
54,
7,
59,
3,
58,
34,
46,
77,
80,
47,
18,
85,
68,
84,
65,
5,
39,
4,
52,
56,
55,
24,
80,
100,
91,
31,
79,
56,
41,
1,
87,
68,
81,
83,
55,
98,
69,
82,
25,
43,
66,
86,
8,
84,
2,
34,
65,
73,
57,
29,
70,
26,
47,
38,
46,
53,
50,
61,
94,
49,
20,
76,
71,
27,
97,
35,
85,
16,
24,
23,
54,
37,
21,
6,
39,
10,
14,
52,
95,
62,
59,
13,
15,
4,
11,
93,
42,
36,
33,
90,
92,
72,
99,
40,
58,
18,
78,
51,
30,
48,
45,
96,
22,
77,
44,
64,
67,
32,
9,
5,
28,
3,
88,
7,
75,
60,
19,
17,
12,
63,
74,
89,